Comparative Analysis Report - 2025-09-17 20:00:48
================================================================================
Executive Summary
Key findings: Ensemble Superiority in Imbalanced Settings: Ensembles (e.g., bagging/boosting combos) outperfo...; Tree-Based Generalization: Tree families (e.g., random forests) show lower tr...; Baseline Efficacy: Simple baselines (majority class) achieve 68-75% a...; Ablation Insights: Removing one model from ensembles (e.g., A_B_C_D v...; Parametric vs. Non-Parametric: Parametric ensembles lower overfitting (variance <...; Class Imbalance Impact: Boosting mitigates imbalance with per-class F1 var...; Metric Correlations: Accuracy correlates 0.72 with Brier score (calibra...
{
  "num_models": 258,
  "num_rows": 516,
  "train_count": 258,
  "test_count": 258,
  "analysis_time": "2025-09-17 20:00",
  "random_seed": 42,
  "library_versions": {
    "pandas": "2.3.1",
    "numpy": "1.26.4",
    "seaborn": "0.13.2",
    "matplotlib": "3.10.3",
    "scipy": "1.16.0",
    "scikit-learn": "1.7.0",
    "statsmodels": "0.14.5",
    "plotly": "6.1.2",
    "reportlab": "4.4.3",
    "psutil": "7.0.0",
    "pip_freeze": "about-time==4.2.1\r\naiohappyeyeballs==2.6.1\r\naiohttp==3.12.15\r\naiosignal==1.4.0\r\nalembic==1.16.2\r\nalive-progress==3.3.0\r\nannotated-types==0.7.0\r\nanyio==4.10.0\r\nattrs==25.3.0\r\nautograd==1.8.0\r\nautograd-gamma==0.5.0\r\nblinker==1.9.0\r\ncachetools==5.5.2\r\ncatboost==1.2.8\r\ncategory_encoders==2.8.1\r\ncertifi==2025.8.3\r\ncharset-normalizer==3.4.3\r\nclick==8.2.1\r\ncloudpickle==3.1.1\r\ncma==4.3.0\r\ncolorama==0.4.6\r\ncoloredlogs==15.0.1\r\ncolorlog==6.9.0\r\ncontourpy==1.3.2\r\nctgan==0.11.0\r\ncycler==0.12.1\r\ndatabricks-sdk==0.63.0\r\ndatasets==4.0.0\r\nDeprecated==1.2.18\r\ndill==0.3.8\r\ndocker==7.1.0\r\nFaker==37.4.0\r\nfastapi==0.116.1\r\nfilelock==3.18.0\r\nFlask==3.1.1\r\nflatbuffers==25.2.10\r\nfonttools==4.58.4\r\nformulaic==1.2.0\r\nfpdf==1.7.2\r\nfrozenlist==1.7.0\r\nfsspec==2025.3.0\r\nfuture==1.0.0\r\ngitdb==4.0.12\r\nGitPython==3.1.45\r\ngoogle-auth==2.40.3\r\ngraphemeu==0.7.2\r\ngraphene==3.4.3\r\ngraphql-core==3.2.6\r\ngraphql-relay==3.2.0\r\ngraphviz==0.21\r\ngreenlet==3.2.3\r\nh11==0.16.0\r\nhuggingface-hub==0.34.4\r\nhumanfriendly==10.0\r\nhyperopt==0.2.7\r\nidna==3.10\r\nimportlib_metadata==8.7.0\r\ninterface-meta==1.3.0\r\nitsdangerous==2.2.0\r\nJinja2==3.1.6\r\njoblib==1.5.1\r\nkiwisolver==1.4.8\r\nlifelines==0.30.0\r\nlightgbm==4.6.0\r\nllvmlite==0.44.0\r\nMako==1.3.10\r\nMarkupSafe==3.0.2\r\nmatplotlib==3.10.3\r\nmlflow==3.2.0\r\nmlflow-skinny==3.2.0\r\nmlflow-tracing==3.2.0\r\nmpmath==1.3.0\r\nmultidict==6.6.4\r\nmultiprocess==0.70.16\r\nnarwhals==1.44.0\r\nnetworkx==3.5\r\nngboost==0.5.6\r\nnumba==0.61.2\r\nnumpy==1.26.4\r\nonnx==1.18.0\r\nonnxruntime==1.22.0\r\nopentelemetry-api==1.36.0\r\nopentelemetry-sdk==1.36.0\r\nopentelemetry-semantic-conventions==0.57b0\r\noptuna==4.4.0\r\noptuna-integration==4.4.0\r\npackaging==25.0\r\npandas==2.3.1\r\npandas_flavor==0.7.0\r\npatsy==1.0.1\r\npillow==11.2.1\r\npingouin==0.5.5\r\nplatformdirs==4.3.8\r\nplotly==6.1.2\r\npropcache==0.3.2\r\nprotobuf==6.31.1\r\npsutil==7.0.0\r\npy4j==0.10.9.9\r\npyarrow==21.0.0\r\npyasn1==0.6.1\r\npyasn1_modules==0.4.2\r\npydantic==2.11.7\r\npydantic_core==2.33.2\r\npymoo==0.6.1.5\r\npyparsing==3.2.3\r\npyreadline3==3.5.4\r\npython-dateutil==2.9.0.post0\r\npytorch-tabnet==4.1.0\r\npytz==2025.2\r\npywin32==311\r\nPyYAML==6.0.2\r\nrdt==1.17.1\r\nregex==2025.7.34\r\nreportlab==4.4.3\r\nrequests==2.32.4\r\nrsa==4.9.1\r\nsafetensors==0.6.2\r\nscikit-learn==1.7.0\r\nscipy==1.16.0\r\nseaborn==0.13.2\r\nsentry-sdk==2.34.1\r\nshap==0.48.0\r\nsix==1.17.0\r\nskl2onnx==1.19.1\r\nslicer==0.0.8\r\nsmmap==5.0.2\r\nsniffio==1.3.1\r\nsortedcontainers==2.4.0\r\nSQLAlchemy==2.0.41\r\nsqlparse==0.5.3\r\nstarlette==0.47.2\r\nstatsmodels==0.14.5\r\nsympy==1.14.0\r\nsyne_tune==0.14.2\r\ntabulate==0.9.0\r\ntensorboardX==2.6.4\r\nthreadpoolctl==3.6.0\r\ntokenizers==0.21.4\r\ntorch==2.8.0\r\ntorchaudio==2.8.0.dev20250820+cu129\r\ntorchvision==0.23.0\r\ntqdm==4.67.1\r\ntransformers==4.55.2\r\ntyping-inspection==0.4.1\r\ntyping_extensions==4.14.0\r\ntzdata==2025.2\r\nurllib3==2.5.0\r\nuvicorn==0.35.0\r\nwaitress==3.0.2\r\nwandb==0.21.1\r\nWerkzeug==3.1.3\r\nwrapt==1.17.3\r\nxarray==2025.9.0\r\nxgboost==3.0.2\r\nxxhash==3.5.0\r\nyarl==1.20.1\r\nzipp==3.23.0\r\n"
  },
  "data_hash": "798a0dbd9cd7f41a48fd78fbc3ee71f1",
  "constraints": {
    "training_time_test": 10,
    "memory_usage_test": 1
  },
  "limitations": "Synthetic data; validate on real cable health datasets (e.g., UCI time-series)."
}

BEST MODELS
Summary Stats:
                           timestamp   accuracy  weighted_f1  weighted_precision  weighted_recall  roc_auc_ovr  training_time  memory_usage  cohens_kappa  matthews_corrcoef   log_loss  confidence_mean  confidence_std  prediction_entropy  ensemble_size
count                             20  20.000000    20.000000           20.000000        20.000000    20.000000      20.000000     20.000000     20.000000          20.000000  20.000000        20.000000       20.000000           20.000000      20.000000
mean   2025-08-26 21:05:46.237055744   0.845318     0.838401            0.838139         0.845318     0.896598      54.621638      0.395000      0.612206           0.616352   0.461147         0.758303        0.128620            0.613587       2.750000
min       2025-08-16 16:16:50.912332   0.834457     0.832296            0.837279         0.834457     0.888228       5.014360      0.000000      0.588960           0.602448   0.404871         0.664320        0.099554            0.465446       1.000000
25%    2025-08-27 20:57:19.631977984   0.845568     0.836414            0.837491         0.845568     0.896350       5.814792      0.000000      0.604471           0.611306   0.405206         0.674490        0.104120            0.481578       2.000000
50%    2025-08-28 22:39:06.248798976   0.845943     0.839546            0.837873         0.845943     0.897632       9.020343      0.000000      0.617370           0.619486   0.406410         0.814772        0.143207            0.487456       3.000000
75%    2025-08-28 22:41:52.333442560   0.846192     0.840142            0.838696         0.846192     0.897696      29.677388      0.125000      0.617422           0.619965   0.525571         0.816051        0.144203            0.805978       3.000000
max       2025-08-29 22:45:00.255559   0.846442     0.840452            0.839082         0.846442     0.898495     716.037073      3.300000      0.619185           0.620781   0.598678         0.819624        0.145952            0.832568       4.000000
std                              NaN   0.002588     0.002247            0.000706         0.002588     0.002628     157.475537      0.993386      0.008478           0.005424   0.067930         0.070263        0.020270            0.163445       0.910465
Full Table (top 25):
                     timestamp                                             model_name dataset_type  accuracy  weighted_f1  weighted_precision  weighted_recall  roc_auc_ovr  training_time  memory_usage  cohens_kappa  matthews_corrcoef  log_loss  confidence_mean  confidence_std  prediction_entropy ensemble_type  ensemble_size         family  is_ensemble  is_boosting  is_parametric
114 2025-08-28 22:36:03.330401               lightgbm_adaboost_gradientboost_weighted         test  0.845943     0.840452            0.839082         0.845943     0.898495      60.301061           0.0      0.618598           0.620781  0.538359         0.664320        0.099554            0.832568      weighted              3          mixed         True        False          False
112 2025-08-28 22:38:50.403338         lightgbm_adaboost_gradientboost_stacking_ridge         test  0.845943     0.840452            0.839082         0.845943     0.898495      54.669462           0.8      0.618598           0.620781  0.538359         0.664320        0.099554            0.832568      stacking              4          mixed         True        False          False
116 2025-08-28 22:33:11.707254                 lightgbm_adaboost_gradientboost_voting         test  0.845943     0.840452            0.839082         0.845943     0.898495      59.482626           3.2      0.618598           0.620781  0.538359         0.664320        0.099554            0.832568        voting              3          mixed         True        False          False
100 2025-08-28 22:42:13.522876                            lightgbm_xgboost_parametric         test  0.846192     0.840142            0.838696         0.846192     0.897696       5.046723           0.0      0.617370           0.619965  0.404871         0.819624        0.145952            0.465446    parametric              2  tree_boosting         True         True           True
212 2025-08-28 19:55:18.672472                              lightgbm_xgboost_weighted         test  0.846192     0.840142            0.838696         0.846192     0.897696       6.322621           0.0      0.617370           0.619965  0.404871         0.819624        0.145952            0.465446      weighted              2  tree_boosting         True         True          False
102 2025-08-28 22:41:45.270298                              lightgbm_xgboost_stacking         test  0.846192     0.840142            0.838696         0.846192     0.897696       5.014360           0.0      0.617370           0.619965  0.404871         0.819624        0.145952            0.465446      stacking              2  tree_boosting         True         True          False
214 2025-08-28 19:54:43.822430                                lightgbm_xgboost_voting         test  0.846192     0.840142            0.838696         0.846192     0.897696       6.691180           0.1      0.617370           0.619965  0.404871         0.819624        0.145952            0.465446        voting              2  tree_boosting         True         True          False
513 2025-08-16 16:16:50.912332                              lightgbm_xgboost_ensemble         test  0.846192     0.840142            0.838696         0.846192     0.897696       5.280532           0.0      0.617370           0.619965  0.404871         0.819624        0.145952            0.465446        voting              2  tree_boosting         True         True          False
104 2025-08-28 22:41:16.970432                            ablation_voting_vs_stacking         test  0.845194     0.839546            0.837873         0.845194     0.897632       5.796799           0.0      0.617422           0.619486  0.525571         0.674490        0.104120            0.805978      stacking              1          other         True        False          False
111 2025-08-28 22:39:22.094260          lightgbm_xgboost_randomforest_ablation_voting         test  0.845194     0.839546            0.837873         0.845194     0.897632       5.841518           0.0      0.617422           0.619486  0.525571         0.674490        0.104120            0.805978        voting              3          mixed         True        False          False
106 2025-08-28 22:40:45.437594  lightgbm_xgboost_randomforest_ablation_stacking_ridge         test  0.845194     0.839546            0.837873         0.845194     0.897632       5.820789           0.1      0.617422           0.619486  0.525571         0.674490        0.104120            0.805978      stacking              4          mixed         True        False          False
109 2025-08-28 22:39:53.660510        lightgbm_xgboost_randomforest_ablation_weighted         test  0.845194     0.839546            0.837873         0.845194     0.897632       5.775298           0.0      0.617422           0.619486  0.525571         0.674490        0.104120            0.805978      weighted              3          mixed         True        False          False
355 2025-08-23 19:34:50.768247                stacked_lightgbm_xgboost_catboost_ridge         test  0.846442     0.836764            0.837511         0.846442     0.896771      21.346697           3.3      0.604789           0.611632  0.405318         0.814772        0.143207            0.487456          none              4          mixed         True        False          False
478 2025-08-16 17:38:47.171052                              xgboost_catboost_lightgbm         test  0.846442     0.836764            0.837511         0.846442     0.896771      10.222209           0.2      0.604789           0.611632  0.405318         0.814772        0.143207            0.487456          none              3  tree_boosting         True         True          False
62  2025-08-29 22:45:00.255559               xgboost_catboost_lightgbm_stacking_ridge         test  0.845943     0.836414            0.837279         0.845943     0.896350       9.068727           0.0      0.603519           0.610330  0.406410         0.814859        0.143620            0.486955      stacking              4          mixed         True        False          False
68  2025-08-29 22:42:41.817597                       xgboost_catboost_lightgbm_voting         test  0.845943     0.836414            0.837279         0.845943     0.896350       9.213438           0.0      0.603519           0.610330  0.406410         0.814859        0.143620            0.486955        voting              3  tree_boosting         True         True          False
66  2025-08-29 22:43:27.962779                     xgboost_catboost_lightgbm_weighted         test  0.845943     0.836414            0.837279         0.845943     0.896350       8.971959           0.0      0.603519           0.610330  0.406410         0.814859        0.143620            0.486955      weighted              3  tree_boosting         True         True          False
64  2025-08-29 22:44:14.025484                     xgboost_catboost_lightgbm_stacking         test  0.845943     0.836414            0.837279         0.845943     0.896350       9.188022           0.0      0.603519           0.610330  0.406410         0.814859        0.143620            0.486955      stacking              3  tree_boosting         True         True          False
320 2025-08-25 00:05:07.060622                                     xgboost_parametric         test  0.834457     0.836283            0.838983         0.834457     0.890293      82.341669           0.0      0.619185           0.619901  0.598678         0.723725        0.133541            0.710511    parametric              1  tree_boosting         True         True           True
454 2025-08-17 09:40:59.875576                          lightgbm_catboost_advancedsvm         test  0.845693     0.832296            0.837431         0.845693     0.888228     716.037073           0.2      0.588960           0.602448  0.446274         0.764318        0.133063            0.589654          none              3          mixed         True        False          False

BEST METRICS
{
  "accuracy": 0.8471910112359551,
  "weighted_f1": 0.8404519638695059,
  "weighted_precision": 0.8420006313714729,
  "weighted_recall": 0.8471910112359551,
  "roc_auc_ovr": 0.8984945101091284,
  "training_time": 15013.775729894638,
  "memory_usage": 10.900000000000006,
  "cohens_kappa": 0.6191851960210649,
  "matthews_corrcoef": 0.620780900967492,
  "log_loss": 3.231181580673817,
  "confidence_mean": 1.0,
  "confidence_std": 0.1692098853473838,
  "prediction_entropy": 1.0986122886681091
}

BEST ENSEMBLES
Summary Stats:
                           timestamp   accuracy  weighted_f1  weighted_precision  weighted_recall  roc_auc_ovr  training_time  memory_usage  cohens_kappa  matthews_corrcoef   log_loss  confidence_mean  confidence_std  prediction_entropy  ensemble_size
count                             20  20.000000    20.000000           20.000000        20.000000    20.000000      20.000000     20.000000     20.000000          20.000000  20.000000        20.000000       20.000000           20.000000      20.000000
mean   2025-08-26 21:05:46.237055488   0.845318     0.838401            0.838139         0.845318     0.896598      54.621638      0.395000      0.612206           0.616352   0.461147         0.758303        0.128620            0.613587       2.750000
min       2025-08-16 16:16:50.912332   0.834457     0.832296            0.837279         0.834457     0.888228       5.014360      0.000000      0.588960           0.602448   0.404871         0.664320        0.099554            0.465446       1.000000
25%    2025-08-27 20:57:19.631977984   0.845568     0.836414            0.837491         0.845568     0.896350       5.814792      0.000000      0.604471           0.611306   0.405206         0.674490        0.104120            0.481578       2.000000
50%    2025-08-28 22:39:06.248798976   0.845943     0.839546            0.837873         0.845943     0.897632       9.020343      0.000000      0.617370           0.619486   0.406410         0.814772        0.143207            0.487456       3.000000
75%    2025-08-28 22:41:52.333442560   0.846192     0.840142            0.838696         0.846192     0.897696      29.677388      0.125000      0.617422           0.619965   0.525571         0.816051        0.144203            0.805978       3.000000
max       2025-08-29 22:45:00.255559   0.846442     0.840452            0.839082         0.846442     0.898495     716.037073      3.300000      0.619185           0.620781   0.598678         0.819624        0.145952            0.832568       4.000000
std                              NaN   0.002588     0.002247            0.000706         0.002588     0.002628     157.475537      0.993386      0.008478           0.005424   0.067930         0.070263        0.020270            0.163445       0.910465
Full Table (top 25):
                     timestamp                                             model_name dataset_type  accuracy  weighted_f1  weighted_precision  weighted_recall  roc_auc_ovr  training_time  memory_usage  cohens_kappa  matthews_corrcoef  log_loss  confidence_mean  confidence_std  prediction_entropy ensemble_type  ensemble_size         family  is_ensemble  is_boosting  is_parametric
116 2025-08-28 22:33:11.707254                 lightgbm_adaboost_gradientboost_voting         test  0.845943     0.840452            0.839082         0.845943     0.898495      59.482626           3.2      0.618598           0.620781  0.538359         0.664320        0.099554            0.832568        voting              3          mixed         True        False          False
112 2025-08-28 22:38:50.403338         lightgbm_adaboost_gradientboost_stacking_ridge         test  0.845943     0.840452            0.839082         0.845943     0.898495      54.669462           0.8      0.618598           0.620781  0.538359         0.664320        0.099554            0.832568      stacking              4          mixed         True        False          False
114 2025-08-28 22:36:03.330401               lightgbm_adaboost_gradientboost_weighted         test  0.845943     0.840452            0.839082         0.845943     0.898495      60.301061           0.0      0.618598           0.620781  0.538359         0.664320        0.099554            0.832568      weighted              3          mixed         True        False          False
513 2025-08-16 16:16:50.912332                              lightgbm_xgboost_ensemble         test  0.846192     0.840142            0.838696         0.846192     0.897696       5.280532           0.0      0.617370           0.619965  0.404871         0.819624        0.145952            0.465446        voting              2  tree_boosting         True         True          False
100 2025-08-28 22:42:13.522876                            lightgbm_xgboost_parametric         test  0.846192     0.840142            0.838696         0.846192     0.897696       5.046723           0.0      0.617370           0.619965  0.404871         0.819624        0.145952            0.465446    parametric              2  tree_boosting         True         True           True
102 2025-08-28 22:41:45.270298                              lightgbm_xgboost_stacking         test  0.846192     0.840142            0.838696         0.846192     0.897696       5.014360           0.0      0.617370           0.619965  0.404871         0.819624        0.145952            0.465446      stacking              2  tree_boosting         True         True          False
214 2025-08-28 19:54:43.822430                                lightgbm_xgboost_voting         test  0.846192     0.840142            0.838696         0.846192     0.897696       6.691180           0.1      0.617370           0.619965  0.404871         0.819624        0.145952            0.465446        voting              2  tree_boosting         True         True          False
212 2025-08-28 19:55:18.672472                              lightgbm_xgboost_weighted         test  0.846192     0.840142            0.838696         0.846192     0.897696       6.322621           0.0      0.617370           0.619965  0.404871         0.819624        0.145952            0.465446      weighted              2  tree_boosting         True         True          False
104 2025-08-28 22:41:16.970432                            ablation_voting_vs_stacking         test  0.845194     0.839546            0.837873         0.845194     0.897632       5.796799           0.0      0.617422           0.619486  0.525571         0.674490        0.104120            0.805978      stacking              1          other         True        False          False
106 2025-08-28 22:40:45.437594  lightgbm_xgboost_randomforest_ablation_stacking_ridge         test  0.845194     0.839546            0.837873         0.845194     0.897632       5.820789           0.1      0.617422           0.619486  0.525571         0.674490        0.104120            0.805978      stacking              4          mixed         True        False          False
109 2025-08-28 22:39:53.660510        lightgbm_xgboost_randomforest_ablation_weighted         test  0.845194     0.839546            0.837873         0.845194     0.897632       5.775298           0.0      0.617422           0.619486  0.525571         0.674490        0.104120            0.805978      weighted              3          mixed         True        False          False
111 2025-08-28 22:39:22.094260          lightgbm_xgboost_randomforest_ablation_voting         test  0.845194     0.839546            0.837873         0.845194     0.897632       5.841518           0.0      0.617422           0.619486  0.525571         0.674490        0.104120            0.805978        voting              3          mixed         True        False          False
355 2025-08-23 19:34:50.768247                stacked_lightgbm_xgboost_catboost_ridge         test  0.846442     0.836764            0.837511         0.846442     0.896771      21.346697           3.3      0.604789           0.611632  0.405318         0.814772        0.143207            0.487456          none              4          mixed         True        False          False
478 2025-08-16 17:38:47.171052                              xgboost_catboost_lightgbm         test  0.846442     0.836764            0.837511         0.846442     0.896771      10.222209           0.2      0.604789           0.611632  0.405318         0.814772        0.143207            0.487456          none              3  tree_boosting         True         True          False
64  2025-08-29 22:44:14.025484                     xgboost_catboost_lightgbm_stacking         test  0.845943     0.836414            0.837279         0.845943     0.896350       9.188022           0.0      0.603519           0.610330  0.406410         0.814859        0.143620            0.486955      stacking              3  tree_boosting         True         True          False
62  2025-08-29 22:45:00.255559               xgboost_catboost_lightgbm_stacking_ridge         test  0.845943     0.836414            0.837279         0.845943     0.896350       9.068727           0.0      0.603519           0.610330  0.406410         0.814859        0.143620            0.486955      stacking              4          mixed         True        False          False
66  2025-08-29 22:43:27.962779                     xgboost_catboost_lightgbm_weighted         test  0.845943     0.836414            0.837279         0.845943     0.896350       8.971959           0.0      0.603519           0.610330  0.406410         0.814859        0.143620            0.486955      weighted              3  tree_boosting         True         True          False
68  2025-08-29 22:42:41.817597                       xgboost_catboost_lightgbm_voting         test  0.845943     0.836414            0.837279         0.845943     0.896350       9.213438           0.0      0.603519           0.610330  0.406410         0.814859        0.143620            0.486955        voting              3  tree_boosting         True         True          False
320 2025-08-25 00:05:07.060622                                     xgboost_parametric         test  0.834457     0.836283            0.838983         0.834457     0.890293      82.341669           0.0      0.619185           0.619901  0.598678         0.723725        0.133541            0.710511    parametric              1  tree_boosting         True         True           True
454 2025-08-17 09:40:59.875576                          lightgbm_catboost_advancedsvm         test  0.845693     0.832296            0.837431         0.845693     0.888228     716.037073           0.2      0.588960           0.602448  0.446274         0.764318        0.133063            0.589654          none              3          mixed         True        False          False

TOO COMPLEX MODELS
Summary Stats:
       accuracy_test  accuracy_train  weighted_f1_test  weighted_f1_train  weighted_precision_test  weighted_precision_train  weighted_recall_test  weighted_recall_train  roc_auc_ovr_test  roc_auc_ovr_train  training_time_test  training_time_train  memory_usage_test  memory_usage_train  cohens_kappa_test  cohens_kappa_train  matthews_corrcoef_test  matthews_corrcoef_train  log_loss_test  log_loss_train  confidence_mean_test  confidence_mean_train  confidence_std_test  confidence_std_train  prediction_entropy_test  prediction_entropy_train  ensemble_size  overfit_gap_f1  underfit_score_f1  brier_approx     z_time      z_mem  complexity_score      co2_proxy
count      53.000000       53.000000         53.000000          53.000000                53.000000                 53.000000             53.000000              53.000000         53.000000          53.000000           53.000000            53.000000          53.000000           53.000000          53.000000           53.000000               53.000000                53.000000      53.000000       53.000000             53.000000              53.000000         5.300000e+01          5.300000e+01                53.000000                 53.000000      53.000000       53.000000          53.000000     53.000000  53.000000  53.000000         53.000000      53.000000
mean        0.609644        0.697692          0.594891           0.680049                 0.718849                  0.845046              0.609644               0.697692          0.762807           0.893831          867.528850           867.528850           2.479245            2.479245           0.259233            0.463308                0.286403                 0.512096       0.804686        0.660438              0.614259               0.626097         1.000962e-01          1.030889e-01                 0.814654                  0.796095       2.037736        0.085158           0.594829      1.160916   0.565312   0.711373          1.536119    5892.732599
std         0.239052        0.253367          0.226008           0.261817                 0.088070                  0.090116              0.239052               0.253367          0.084536           0.114672         2258.329684          2258.329684           2.341955            2.341955           0.177841            0.298225                0.186945                 0.278236       0.206005        0.241447              0.113110               0.114642         4.962460e-02          5.445460e-02                 0.175229                  0.185684       0.783539        0.069396           0.225962      0.297202   2.102232   1.250428          2.422330   32334.794328
min         0.161298        0.161298          0.044807           0.044807                 0.540344                  0.540528              0.161298               0.161298          0.495580           0.490192            1.835125             1.835125           0.000000            0.000000          -0.001168            0.000000               -0.001912                 0.000000       0.475651        0.107414              0.333333               0.333333         5.551115e-17          5.551115e-17                 0.253740                  0.209858       1.000000       -0.002037           0.044807      0.686220  -0.240544  -0.612358         -0.651926    -196.147514
25%         0.445943        0.574844          0.495908           0.610469                 0.657737                  0.791081              0.445943               0.574844          0.753529           0.855658           42.166653            42.166653           0.600000            0.600000           0.086721            0.129222                0.154139                 0.236429       0.644271        0.545719              0.549793               0.555954         5.796259e-02          6.470967e-02                 0.705645                  0.649682       1.000000        0.034236           0.495908      0.929487  -0.203000  -0.292003          0.285418       8.380827
50%         0.743571        0.813233          0.741156           0.768806                 0.759214                  0.834956              0.743571               0.813233          0.786332           0.916380          397.278953           397.278953           1.800000            1.800000           0.363476            0.426926                0.385320                 0.490214       0.847154        0.690778              0.597441               0.617042         1.195476e-01          1.245031e-01                 0.859875                  0.856235       2.000000        0.086992           0.741156      1.222184   0.127566   0.348707          0.683375     100.252368
75%         0.787516        0.879713          0.759334           0.865041                 0.770831                  0.889631              0.787516               0.879713          0.805990           0.970585          768.648714           768.648714           3.800000            3.800000           0.394530            0.662923                0.429677                 0.696099       0.912731        0.759037              0.660796               0.698801         1.406241e-01          1.422149e-01                 0.933368                  0.911903       3.000000        0.113279           0.759334      1.316793   0.473266   1.416557          1.908923     791.686362
max         0.824719        1.000000          0.792586           1.000000                 0.841431                  1.000000              0.824719               1.000000          0.894270           1.000000        15013.775730         15013.775730           9.900000            9.900000           0.494194            1.000000                0.529197                 1.000000       1.450718        1.353303              0.890010               0.908908         1.532358e-01          1.835678e-01                 1.098612                  1.098612       4.000000        0.272593           0.792586      2.092944  13.733757   4.673498         15.470668  232273.140986
Full Table (top 25):
                                         model_name  accuracy_test  accuracy_train  weighted_f1_test  weighted_f1_train  weighted_precision_test  weighted_precision_train  weighted_recall_test  weighted_recall_train  roc_auc_ovr_test  roc_auc_ovr_train  training_time_test  training_time_train  memory_usage_test  memory_usage_train  cohens_kappa_test  cohens_kappa_train  matthews_corrcoef_test  matthews_corrcoef_train  log_loss_test  log_loss_train  confidence_mean_test  confidence_mean_train  confidence_std_test  confidence_std_train  prediction_entropy_test  prediction_entropy_train  ensemble_size ensemble_type           family  is_ensemble  is_boosting  is_parametric  overfit_gap_f1  underfit_score_f1  brier_approx     z_time     z_mem  complexity_score      co2_proxy                       complexity_reason
193                              tabflex_parametric       0.161298        0.161298          0.044807           0.044807                 0.827537                  0.827537              0.161298               0.161298          0.500000           0.500000        15013.775730         15013.775730                4.4                 4.4           0.000000            0.000000                0.000000                 0.000000       1.098612        1.098612              0.333333               0.333333         5.551115e-17          5.551115e-17                 1.098612                  1.098612              1    parametric  neural_networks         True        False           True        0.000000           0.044807      1.584963  13.733757  1.736911         15.470668  232273.140986  High time/memory with marginal F1 gain
13                           advancedsvm_parametric       0.577278        0.592385          0.606298           0.620216                 0.738414                  0.762266              0.577278               0.592385          0.775883           0.839329         7536.646776          7536.646776                0.0                 0.0           0.298940            0.330625                0.344050                 0.383368       0.893793        0.848631              0.592690               0.589264         1.025800e-01          1.036104e-01                 0.897290                  0.899790              1    parametric   kernel_methods         True        False           True        0.013918           0.606298      1.289470   6.773454 -0.612358          6.161096   46434.004151  High time/memory with marginal F1 gain
244                xgboost_neuralnetwork_naivebayes       0.800749        0.928402          0.792586           0.928528                 0.788802                  0.931184              0.800749               0.928402          0.807688           0.978127           44.301228            44.301228                9.9                 9.9           0.494194            0.831988                0.498024                 0.832799       0.701961        0.513158              0.606207               0.626850         1.368938e-01          1.329180e-01                 0.762865                  0.734708              3          none            mixed         True        False          False        0.135942           0.792586      1.012715  -0.201013  4.673498          4.972485     220.287184  High time/memory with marginal F1 gain
12                                   advancedsvm_cv       0.742572        0.748002          0.644983           0.655053                 0.665178                  0.762309              0.742572               0.748002          0.782108           0.893366          632.890807           632.890807                9.1                 9.1           0.058963            0.085768                0.144325                 0.189259       0.582376        0.489458              0.734317               0.732926         1.261206e-01          1.264424e-01                 0.639938                  0.642869              1          none   kernel_methods        False        False          False        0.010070           0.644983      0.840191   0.346892  4.246358          4.593251    2907.026123  High time/memory with marginal F1 gain
38                  deepgbm_randomforest_naivebayes       0.192759        0.263670          0.195842           0.230078                 0.581147                  0.791081              0.192759               0.263670          0.709578           0.860236          428.558541           428.558541                7.5                 7.5          -0.001168            0.107587               -0.001912                 0.185588       1.096705        0.991101              0.531316               0.537421         5.796259e-02          6.470967e-02                 0.991155                  0.984339              3          none            mixed         True        False          False        0.034236           0.195842      1.582211   0.156684  3.392079          4.048762    1735.131637  High time/memory with marginal F1 gain
29                       deepgbm_advancedsvm_voting       0.784769        0.876529          0.748892           0.860632                 0.763637                  0.887408              0.784769               0.876529          0.783864           0.935183         1553.006010          1553.006010                4.7                 4.7           0.363476            0.652022                0.399421                 0.687347       0.645718        0.547635              0.643110               0.644359         8.587719e-02          8.598684e-02                 0.861312                  0.859822              2        voting            mixed         True        False          False        0.111740           0.748892      0.931574   1.203408  1.897089          3.350497    5203.342211  High time/memory with marginal F1 gain
28                     deepgbm_advancedsvm_stacking       0.787516        0.879963          0.756794           0.865041                 0.769641                  0.890558              0.787516               0.879963          0.783255           0.936443         1336.633801          1336.633801                5.0                 5.0           0.382049            0.662923                0.413066                 0.697114       0.645526        0.545719              0.642270               0.644085         8.731683e-02          8.623395e-02                 0.861544                  0.859965              2      stacking            mixed         True        False          False        0.108248           0.756794      0.931297   1.001992  2.057266          3.309258    4423.266446  High time/memory with marginal F1 gain
27                 deepgbm_advancedsvm_randomforest       0.788265        0.879713          0.760023           0.865988                 0.767809                  0.889631              0.788265               0.879713          0.798913           0.929819         1679.483278          1679.483278                3.1                 3.1           0.391582            0.663213                0.419020                 0.696099       0.723073        0.657885              0.553543               0.556565         5.760266e-02          5.455298e-02                 0.974528                  0.972988              3          none            mixed         True        False          False        0.105964           0.760023      1.043174   1.321143  1.042809          2.863952    4809.960124  High time/memory with marginal F1 gain
