CableID,Actual_Status,Predicted_Status,Confidence_Healthy,Confidence_AtRisk,Confidence_Critical,Max_Confidence,Prediction_Correct,Actual_Label,Predicted_Label
0,1,1,0.00012385169792785845,0.9998519766706091,2.4171631463051976e-05,0.9998519766706091,True,At Risk,At Risk
1,1,1,0.0017868027712047312,0.8413351022638781,0.15687809496491698,0.8413351022638781,True,At Risk,At Risk
2,2,2,1.8070598659346147e-05,0.003075774477415323,0.9969061549239254,0.9969061549239254,True,Critical,Critical
3,2,2,0.0005075869180238375,0.3897589862901629,0.6097334267918133,0.6097334267918133,True,Critical,Critical
4,2,2,2.1577965371453538e-06,4.1204855389363935e-05,0.9999566373480735,0.9999566373480735,True,Critical,Critical
5,0,0,0.9999886958769808,1.0663770313834639e-05,6.403527054928806e-07,0.9999886958769808,True,Healthy,Healthy
6,1,1,0.0004907980828545695,0.9992028142341626,0.00030638768298270927,0.9992028142341626,True,At Risk,At Risk
7,0,0,0.9995103144708102,0.000489254163378413,4.3136581141131473e-07,0.9995103144708102,True,Healthy,Healthy
8,0,0,0.9999597360543012,3.9703570809282574e-05,5.603748895062458e-07,0.9999597360543012,True,Healthy,Healthy
9,0,0,0.9596074771419563,0.04038032856899878,1.2194289044762235e-05,0.9596074771419563,True,Healthy,Healthy
10,1,1,0.0010047434650943216,0.9920506367548464,0.006944619780059353,0.9920506367548464,True,At Risk,At Risk
11,2,2,1.4755105924129809e-07,1.7324889699092572e-05,0.9999825275592418,0.9999825275592418,True,Critical,Critical
12,1,1,0.373286674914984,0.625624128260085,0.0010891968249311058,0.625624128260085,True,At Risk,At Risk
13,2,2,7.230502531135417e-05,0.0019408759744953476,0.9979868190001933,0.9979868190001933,True,Critical,Critical
14,0,0,0.9794582181128492,0.020371758373525284,0.00017002351362557758,0.9794582181128492,True,Healthy,Healthy
15,2,2,2.2753420299866204e-05,0.0005035942006024459,0.9994736523790976,0.9994736523790976,True,Critical,Critical
16,2,2,4.6878341822074824e-05,0.0006730684547350983,0.9992800532034427,0.9992800532034427,True,Critical,Critical
17,0,0,0.9999993685298987,6.212780521461676e-07,1.0192049247647452e-08,0.9999993685298987,True,Healthy,Healthy
18,1,1,0.0006822050835455208,0.9973133712262867,0.002004423690167797,0.9973133712262867,True,At Risk,At Risk
19,0,1,0.21694601450000292,0.7830384623668339,1.5523133163068737e-05,0.7830384623668339,False,Healthy,At Risk
20,2,2,1.3040902117139777e-06,2.1313904759898834e-05,0.9999773820050284,0.9999773820050284,True,Critical,Critical
21,0,0,0.9999559844566199,4.297816946520843e-05,1.0373739147450938e-06,0.9999559844566199,True,Healthy,Healthy
22,0,0,0.9999688975346855,3.005615840672543e-05,1.046306907849001e-06,0.9999688975346855,True,Healthy,Healthy
23,2,2,3.3148540552440904e-05,0.003058475705981936,0.9969083757534657,0.9969083757534657,True,Critical,Critical
24,1,1,0.000677722150798514,0.999298779631913,2.3498217288440063e-05,0.999298779631913,True,At Risk,At Risk
25,2,2,4.025643511420714e-06,0.0044810716118454065,0.9955149027446432,0.9955149027446432,True,Critical,Critical
26,0,0,0.8561941510185171,0.14376266883319672,4.318014828604741e-05,0.8561941510185171,True,Healthy,Healthy
27,1,1,0.003995512583599894,0.9957620917291282,0.0002423956872719068,0.9957620917291282,True,At Risk,At Risk
28,0,0,0.9998752881859916,0.0001190062674962826,5.705546512273697e-06,0.9998752881859916,True,Healthy,Healthy
29,2,2,0.0005688397664506608,0.04312562555298548,0.9563055346805638,0.9563055346805638,True,Critical,Critical
30,1,1,0.00014899943438525552,0.9991565653235406,0.0006944352420741281,0.9991565653235406,True,At Risk,At Risk
31,1,1,0.0010180364198877272,0.9918006813856142,0.007181282194498193,0.9918006813856142,True,At Risk,At Risk
32,2,2,1.2705782734174615e-05,0.0016381055807166743,0.9983491886365492,0.9983491886365492,True,Critical,Critical
33,2,2,8.240278925358698e-07,3.6567318904495175e-05,0.999962608653203,0.999962608653203,True,Critical,Critical
34,2,2,2.9805817519087536e-06,0.00015175628470605034,0.9998452631335419,0.9998452631335419,True,Critical,Critical
35,1,1,1.6371362264266795e-05,0.9989407419189338,0.0010428867188019822,0.9989407419189338,True,At Risk,At Risk
36,2,2,7.3763820013701064e-06,0.0004184028645435859,0.9995742207534551,0.9995742207534551,True,Critical,Critical
37,1,1,0.0008723283537127144,0.9942802204489071,0.004847451197380206,0.9942802204489071,True,At Risk,At Risk
38,1,1,0.3065434488192178,0.6925627958665186,0.0008937553142636652,0.6925627958665186,True,At Risk,At Risk
39,0,0,0.9994240538432342,0.0005530655152735977,2.2880641492197914e-05,0.9994240538432342,True,Healthy,Healthy
40,2,2,6.611327888930424e-08,2.11743232807888e-06,0.9999978164543929,0.9999978164543929,True,Critical,Critical
41,2,2,9.429546688758782e-07,0.00010172582287891427,0.9998973312224522,0.9998973312224522,True,Critical,Critical
42,1,1,0.0003896174468404307,0.9995186175430665,9.176501009325673e-05,0.9995186175430665,True,At Risk,At Risk
43,1,1,0.0001866742949575487,0.9996928163322288,0.00012050937281342618,0.9996928163322288,True,At Risk,At Risk
44,1,1,0.00020456459268485127,0.9992462352534325,0.0005492001538826502,0.9992462352534325,True,At Risk,At Risk
45,0,0,0.9999972622983065,2.6872328042141078e-06,5.046888921496253e-08,0.9999972622983065,True,Healthy,Healthy
46,2,2,1.4160958113521392e-05,0.00013602165041965553,0.9998498173914667,0.9998498173914667,True,Critical,Critical
47,1,1,0.0036210582242465427,0.9959431463424409,0.0004357954333126056,0.9959431463424409,True,At Risk,At Risk
48,0,0,0.9999916546326014,8.320978894032524e-06,2.4388504666745252e-08,0.9999916546326014,True,Healthy,Healthy
49,1,1,0.00020899664147345191,0.9989621121580413,0.0008288912004852814,0.9989621121580413,True,At Risk,At Risk
50,0,0,0.9999783715028383,2.1417286957589955e-05,2.1121020406619575e-07,0.9999783715028383,True,Healthy,Healthy
51,1,1,0.3193098015368667,0.6781010265226155,0.002589171940517843,0.6781010265226155,True,At Risk,At Risk
52,0,0,0.9511216958955553,0.04886393421052563,1.4369893918969953e-05,0.9511216958955553,True,Healthy,Healthy
53,2,2,4.6120810839721425e-07,1.6176416506993505e-05,0.9999833623753845,0.9999833623753845,True,Critical,Critical
54,0,0,0.9995990112777089,0.0003932155590209951,7.773163270086053e-06,0.9995990112777089,True,Healthy,Healthy
55,1,1,0.0001690369797253118,0.8941540577636271,0.10567690525664762,0.8941540577636271,True,At Risk,At Risk
56,2,2,0.0001568629520934911,0.0008714166565989214,0.9989717203913077,0.9989717203913077,True,Critical,Critical
57,0,0,0.9999122458285471,8.737410278617328e-05,3.800686666765107e-07,0.9999122458285471,True,Healthy,Healthy
58,1,1,0.003687370532528048,0.993834598165125,0.0024780313023468653,0.993834598165125,True,At Risk,At Risk
59,1,1,0.15220027580206627,0.847670275712198,0.0001294484857357399,0.847670275712198,True,At Risk,At Risk
60,1,1,0.0008299535448213959,0.9826971890071451,0.01647285744803348,0.9826971890071451,True,At Risk,At Risk
61,1,1,0.10896459346203416,0.8908716400492446,0.00016376648872130608,0.8908716400492446,True,At Risk,At Risk
62,1,1,0.0006822104447005463,0.8405001515071399,0.15881763804815952,0.8405001515071399,True,At Risk,At Risk
63,1,1,0.2888668472512955,0.7010147120742103,0.010118440674494335,0.7010147120742103,True,At Risk,At Risk
64,1,1,0.00030124244225933946,0.8837618512069226,0.11593690635081803,0.8837618512069226,True,At Risk,At Risk
65,0,0,0.9977762218278482,0.0022192743990773573,4.503773074246011e-06,0.9977762218278482,True,Healthy,Healthy
66,0,0,0.9729732678141977,0.026910400118974477,0.00011633206682790821,0.9729732678141977,True,Healthy,Healthy
67,2,2,9.713777824653798e-05,0.14729693284107276,0.8526059293806807,0.8526059293806807,True,Critical,Critical
68,1,1,0.014706707026419012,0.984537204528288,0.0007560884452930929,0.984537204528288,True,At Risk,At Risk
69,0,0,0.9999932902394236,6.659392796529209e-06,5.036777997275022e-08,0.9999932902394236,True,Healthy,Healthy
70,0,0,0.6462397016831943,0.3536292208787374,0.00013107743806811494,0.6462397016831943,True,Healthy,Healthy
71,0,0,0.9902586440710626,0.009700180366382701,4.117556255469494e-05,0.9902586440710626,True,Healthy,Healthy
72,0,0,0.99979943427632,0.00020010046715719426,4.652565227081361e-07,0.99979943427632,True,Healthy,Healthy
73,2,2,6.483082604820259e-06,6.261735396612395e-05,0.9999308995634292,0.9999308995634292,True,Critical,Critical
74,1,1,0.00015556561432913761,0.6994171332983952,0.30042730108727567,0.6994171332983952,True,At Risk,At Risk
75,2,2,0.0003572199514727449,0.03056548048186544,0.9690772995666618,0.9690772995666618,True,Critical,Critical
76,2,2,3.5372535618598286e-06,0.0002475568651288263,0.9997489058813094,0.9997489058813094,True,Critical,Critical
77,0,1,0.4576155611707921,0.5404927481515109,0.0018916906776968673,0.5404927481515109,False,Healthy,At Risk
78,2,2,0.00022310992672282026,0.0026989859387279687,0.9970779041345493,0.9970779041345493,True,Critical,Critical
79,2,2,5.124894945539339e-05,0.006117244920203042,0.9938315061303415,0.9938315061303415,True,Critical,Critical
80,1,1,0.0010617284757546486,0.9154312242454195,0.0835070472788258,0.9154312242454195,True,At Risk,At Risk
81,0,0,0.995879343163526,0.004116475348761415,4.18148771265091e-06,0.995879343163526,True,Healthy,Healthy
82,0,0,0.9944689595119982,0.005303153613050464,0.0002278868749513704,0.9944689595119982,True,Healthy,Healthy
83,1,1,0.011235130345172147,0.9881873410514037,0.0005775286034240993,0.9881873410514037,True,At Risk,At Risk
84,1,1,0.010665791299194632,0.9892062358356302,0.00012797286517512231,0.9892062358356302,True,At Risk,At Risk
85,2,2,0.00020349377890257133,0.16202056488327302,0.8377759413378244,0.8377759413378244,True,Critical,Critical
86,2,2,1.3366175270578938e-05,0.00027260539214655545,0.999714028432583,0.999714028432583,True,Critical,Critical
87,2,2,2.635450489289676e-06,3.8343970851158305e-05,0.9999590205786595,0.9999590205786595,True,Critical,Critical
88,2,2,7.47501707715167e-07,7.359777697747849e-06,0.9999918927205946,0.9999918927205946,True,Critical,Critical
89,0,0,0.9999872633540219,1.2705990336722879e-05,3.065564147129902e-08,0.9999872633540219,True,Healthy,Healthy
90,0,0,0.9997992193591043,0.0002003904869593029,3.9015393645611323e-07,0.9997992193591043,True,Healthy,Healthy
91,1,1,0.0017317526445717905,0.9667660786080482,0.03150216874738005,0.9667660786080482,True,At Risk,At Risk
92,1,1,5.220553059409842e-05,0.9777334907306072,0.02221430373879868,0.9777334907306072,True,At Risk,At Risk
93,1,1,0.0001793779319505228,0.9908191820348345,0.009001440033214967,0.9908191820348345,True,At Risk,At Risk
94,1,1,3.753376734980827e-05,0.967117611426259,0.03284485480639127,0.967117611426259,True,At Risk,At Risk
95,1,1,8.220388102667682e-05,0.9875540527967736,0.01236374332219979,0.9875540527967736,True,At Risk,At Risk
96,2,2,4.592900035417373e-06,0.00013142569312420642,0.9998639814068405,0.9998639814068405,True,Critical,Critical
97,2,2,6.646751524360326e-07,0.0007298894487033732,0.9992694458761443,0.9992694458761443,True,Critical,Critical
98,1,1,0.0046385039345676685,0.9953317338455144,2.976221991787505e-05,0.9953317338455144,True,At Risk,At Risk
99,0,1,0.46875799304015714,0.5310286817754497,0.0002133251843933119,0.5310286817754497,False,Healthy,At Risk
100,0,0,0.9891244056581278,0.010868147074449974,7.447267422519283e-06,0.9891244056581278,True,Healthy,Healthy
101,2,2,5.11338967959734e-07,9.57434570063263e-06,0.9999899143153314,0.9999899143153314,True,Critical,Critical
102,0,0,0.9999884606551789,1.1337939004164594e-05,2.014058169941858e-07,0.9999884606551789,True,Healthy,Healthy
103,2,2,0.000153076984860919,0.026970677284620315,0.9728762457305188,0.9728762457305188,True,Critical,Critical
104,2,2,0.0006282660252832986,0.0017033043039783927,0.9976684296707382,0.9976684296707382,True,Critical,Critical
105,2,2,8.571664456824226e-05,0.0018686919342071973,0.9980455914212246,0.9980455914212246,True,Critical,Critical
106,1,1,0.0035755172522761018,0.9944478525414008,0.001976630206323162,0.9944478525414008,True,At Risk,At Risk
107,0,0,0.9999035376541769,9.533955913721688e-05,1.122786685921404e-06,0.9999035376541769,True,Healthy,Healthy
108,0,0,0.6044337694606624,0.39554103438749283,2.5196151844594692e-05,0.6044337694606624,True,Healthy,Healthy
109,1,1,0.0004870483173875359,0.9958666329423088,0.003646318740303591,0.9958666329423088,True,At Risk,At Risk
110,0,0,0.9999514952625583,4.811184469576031e-05,3.928927458068351e-07,0.9999514952625583,True,Healthy,Healthy
111,1,1,0.019778162936329186,0.9800531358322659,0.00016870123140483065,0.9800531358322659,True,At Risk,At Risk
112,0,0,0.7496808491353666,0.24658119273159734,0.0037379581330360934,0.7496808491353666,True,Healthy,Healthy
113,1,1,0.00047123958781277917,0.9345891220235004,0.06493963838868687,0.9345891220235004,True,At Risk,At Risk
114,0,0,0.9999605016816296,3.938236273753562e-05,1.1595563269407022e-07,0.9999605016816296,True,Healthy,Healthy
115,1,1,0.003174769484152673,0.9963514126620718,0.0004738178537754463,0.9963514126620718,True,At Risk,At Risk
116,0,0,0.8582066658889305,0.14176427964651528,2.905446455428089e-05,0.8582066658889305,True,Healthy,Healthy
117,2,2,3.9518517960836253e-07,6.728631513489147e-06,0.9999928761833069,0.9999928761833069,True,Critical,Critical
118,0,0,0.9964330897997267,0.0035440993629868027,2.2810837286454433e-05,0.9964330897997267,True,Healthy,Healthy
119,0,0,0.9816468224090558,0.018348625608855668,4.551982088679382e-06,0.9816468224090558,True,Healthy,Healthy
120,2,2,2.2081176625981914e-05,0.02587596019939029,0.9741019586239839,0.9741019586239839,True,Critical,Critical
121,0,0,0.9434751398768514,0.05651781993929227,7.040183856526611e-06,0.9434751398768514,True,Healthy,Healthy
122,2,2,7.310113765571734e-05,0.015143634149540496,0.9847832647128038,0.9847832647128038,True,Critical,Critical
123,1,1,0.00013347428397116886,0.6678596887538265,0.33200683696220235,0.6678596887538265,True,At Risk,At Risk
124,1,1,0.0010831029831668676,0.972957035566934,0.025959861449899105,0.972957035566934,True,At Risk,At Risk
125,2,2,3.665237099675372e-07,1.6358035983420574e-05,0.9999832754403066,0.9999832754403066,True,Critical,Critical
126,1,1,5.704833432228683e-05,0.8634323553948748,0.1365105962708028,0.8634323553948748,True,At Risk,At Risk
127,2,2,4.111408537453186e-06,8.831814854134902e-05,0.9999075704429211,0.9999075704429211,True,Critical,Critical
128,1,1,0.026732587710746606,0.9731568880996531,0.00011052418960020233,0.9731568880996531,True,At Risk,At Risk
129,2,2,5.856763472063206e-06,0.0011590317355969857,0.998835111500931,0.998835111500931,True,Critical,Critical
130,2,2,4.0543324061357726e-05,0.00030811658897200413,0.9996513400869668,0.9996513400869668,True,Critical,Critical
131,1,1,0.016645714196170655,0.9832195859626452,0.00013469984118398304,0.9832195859626452,True,At Risk,At Risk
132,2,2,1.9287423870999183e-05,0.0006130843914263827,0.9993676281847026,0.9993676281847026,True,Critical,Critical
133,0,0,0.9932265903353943,0.0067556918278628905,1.7717836743057237e-05,0.9932265903353943,True,Healthy,Healthy
134,1,1,0.0030541571087419023,0.7908802900266229,0.20606555286463518,0.7908802900266229,True,At Risk,At Risk
135,0,0,0.999902686187941,9.673708252521768e-05,5.767295337729733e-07,0.999902686187941,True,Healthy,Healthy
136,0,0,0.9928471121850161,0.007011633009141175,0.00014125480584271054,0.9928471121850161,True,Healthy,Healthy
137,2,2,0.0017563082809878806,0.12625573296205628,0.8719879587569559,0.8719879587569559,True,Critical,Critical
138,1,1,0.000745246213556382,0.9990220125400987,0.00023274124634489182,0.9990220125400987,True,At Risk,At Risk
139,2,2,2.552043546351558e-06,0.0008586602176782202,0.9991387877387754,0.9991387877387754,True,Critical,Critical
140,2,2,6.364860004206046e-07,9.868559690624653e-05,0.9999006779170933,0.9999006779170933,True,Critical,Critical
141,0,0,0.9032149268710257,0.09340343741403064,0.003381635714943643,0.9032149268710257,True,Healthy,Healthy
142,1,1,0.005305525830674466,0.9881901699779636,0.006504304191361933,0.9881901699779636,True,At Risk,At Risk
143,0,0,0.9999995503210116,4.4454952672192493e-07,5.129461636730003e-09,0.9999995503210116,True,Healthy,Healthy
144,2,2,8.575770089455592e-07,2.6641747984943438e-05,0.9999725006750061,0.9999725006750061,True,Critical,Critical
145,2,2,5.463236744192945e-05,0.02259198797189853,0.9773533796606595,0.9773533796606595,True,Critical,Critical
146,2,2,7.421648581868023e-08,1.1304603455741596e-05,0.9999886211800585,0.9999886211800585,True,Critical,Critical
147,1,1,0.0007442286198668951,0.9990595564228808,0.0001962149572523277,0.9990595564228808,True,At Risk,At Risk
148,1,1,0.00029060748037655317,0.9982838445962054,0.001425547923418039,0.9982838445962054,True,At Risk,At Risk
149,0,0,0.9997924460960738,0.0002061136645091425,1.4402394172103352e-06,0.9997924460960738,True,Healthy,Healthy
150,1,1,0.0002453057652574835,0.9995083877935754,0.0002463064411671064,0.9995083877935754,True,At Risk,At Risk
151,0,0,0.9999351224377194,6.47309230467975e-05,1.4663923374729306e-07,0.9999351224377194,True,Healthy,Healthy
152,1,1,0.016972177315379908,0.9829968826575168,3.0940027103352655e-05,0.9829968826575168,True,At Risk,At Risk
153,1,1,0.3177176344812238,0.6819802005206025,0.00030216499817358795,0.6819802005206025,True,At Risk,At Risk
154,0,0,0.9963923969576646,0.003595767369047102,1.1835673288390753e-05,0.9963923969576646,True,Healthy,Healthy
155,2,2,1.5422729051421307e-07,3.75966949620737e-06,0.9999960861032133,0.9999960861032133,True,Critical,Critical
156,0,0,0.9981481010565552,0.0018468958474106426,5.003096034238993e-06,0.9981481010565552,True,Healthy,Healthy
157,1,1,0.3865263979807059,0.6038866174458736,0.009586984573420453,0.6038866174458736,True,At Risk,At Risk
158,2,2,1.8121213445579712e-07,6.286146317796277e-06,0.9999935326415477,0.9999935326415477,True,Critical,Critical
159,0,0,0.570833496608518,0.42886197713294355,0.0003045262585382961,0.570833496608518,True,Healthy,Healthy
160,1,1,0.0029416288412997117,0.9969260869446454,0.00013228421405485228,0.9969260869446454,True,At Risk,At Risk
161,0,0,0.7760471310259447,0.2239430632083444,9.805765710898945e-06,0.7760471310259447,True,Healthy,Healthy
162,2,2,3.5572107932102246e-08,6.642258348764514e-07,0.9999993002020572,0.9999993002020572,True,Critical,Critical
163,0,0,0.9999967544916535,3.1004000732426535e-06,1.451082732645005e-07,0.9999967544916535,True,Healthy,Healthy
164,1,1,0.010073991888005797,0.989383002671625,0.0005430054403692741,0.989383002671625,True,At Risk,At Risk
165,1,1,0.00011770275762060379,0.986035018608056,0.013847278634323343,0.986035018608056,True,At Risk,At Risk
166,2,2,2.3776738333644782e-06,2.3914169103649274e-05,0.9999737081570629,0.9999737081570629,True,Critical,Critical
167,2,2,4.658207196696871e-06,0.0005761142465537972,0.9994192275462496,0.9994192275462496,True,Critical,Critical
168,1,1,0.002447571851913435,0.9207206694961403,0.07683175865194626,0.9207206694961403,True,At Risk,At Risk
169,1,1,0.12897369268002373,0.869662125966108,0.0013641813538682764,0.869662125966108,True,At Risk,At Risk
170,1,1,0.0003902782093425652,0.6727559690387794,0.32685375275187795,0.6727559690387794,True,At Risk,At Risk
171,2,2,1.846836520086643e-06,0.00035363610597734696,0.9996445170575027,0.9996445170575027,True,Critical,Critical
172,2,2,5.973887874313467e-05,0.0002830221725676643,0.9996572389486891,0.9996572389486891,True,Critical,Critical
173,0,0,0.9899161986958268,0.009955905245022075,0.00012789605915095032,0.9899161986958268,True,Healthy,Healthy
174,1,1,0.0004163122404399881,0.9281344819446979,0.07144920581486207,0.9281344819446979,True,At Risk,At Risk
175,2,2,2.1804671992152502e-05,0.00693576184609264,0.9930424334819152,0.9930424334819152,True,Critical,Critical
176,2,2,4.633555136049641e-08,1.4858039364257822e-06,0.9999984678605123,0.9999984678605123,True,Critical,Critical
177,2,2,0.0009426468176840922,0.03559826350401056,0.9634590896783053,0.9634590896783053,True,Critical,Critical
178,0,0,0.932680892542186,0.06659162821959638,0.000727479238217552,0.932680892542186,True,Healthy,Healthy
179,1,1,0.17460693517112919,0.8241997575068045,0.001193307322066291,0.8241997575068045,True,At Risk,At Risk
180,1,1,0.030368924282490686,0.9694713422177057,0.0001597334998036351,0.9694713422177057,True,At Risk,At Risk
181,0,0,0.979221061468166,0.02077644440399853,2.4941278353878185e-06,0.979221061468166,True,Healthy,Healthy
182,2,2,5.345010785375774e-06,0.0001934494388991749,0.9998012055503155,0.9998012055503155,True,Critical,Critical
183,0,0,0.999982767203135,1.6887937735340573e-05,3.448591298341057e-07,0.999982767203135,True,Healthy,Healthy
184,0,0,0.9959078307011541,0.004085990425981177,6.178872864632739e-06,0.9959078307011541,True,Healthy,Healthy
185,1,1,0.004092196800237139,0.9867327486391716,0.009175054560591226,0.9867327486391716,True,At Risk,At Risk
186,0,0,0.9990136582844997,0.0009845410623735029,1.8006531267315264e-06,0.9990136582844997,True,Healthy,Healthy
187,1,1,0.15170188926169617,0.8376551593221316,0.010642951416172292,0.8376551593221316,True,At Risk,At Risk
188,0,0,0.9964855193710535,0.003496500540718256,1.7980088228286223e-05,0.9964855193710535,True,Healthy,Healthy
189,0,0,0.999998815737658,1.1629885781284218e-06,2.127376374684191e-08,0.999998815737658,True,Healthy,Healthy
190,1,1,0.0003283335460146881,0.9521120717260497,0.047559594727935646,0.9521120717260497,True,At Risk,At Risk
191,1,1,1.7526681344852735e-05,0.9938014934008413,0.0061809799178137595,0.9938014934008413,True,At Risk,At Risk
192,1,1,0.03889793374600017,0.9318592439830037,0.029242822270996185,0.9318592439830037,True,At Risk,At Risk
193,0,0,0.999999563636441,4.2431095929757337e-07,1.2052599631544224e-08,0.999999563636441,True,Healthy,Healthy
194,2,2,7.309998663052018e-05,0.01490790265563348,0.9850189973577361,0.9850189973577361,True,Critical,Critical
195,0,0,0.999948641950379,5.1023052304460075e-05,3.349973165618302e-07,0.999948641950379,True,Healthy,Healthy
196,0,0,0.9997016972349686,0.00029471651286735003,3.5862521639448272e-06,0.9997016972349686,True,Healthy,Healthy
197,2,2,2.077978445814369e-07,7.536292950007123e-06,0.9999922559092054,0.9999922559092054,True,Critical,Critical
198,1,1,0.029693945286523197,0.9701570626766696,0.00014899203680725573,0.9701570626766696,True,At Risk,At Risk
199,1,1,0.00033798723589570514,0.9996215299590362,4.0482805067908934e-05,0.9996215299590362,True,At Risk,At Risk
200,1,1,0.011036703134789848,0.9883664442208708,0.000596852644339426,0.9883664442208708,True,At Risk,At Risk
201,2,2,6.552955171539161e-07,3.859849298674463e-05,0.999960746211496,0.999960746211496,True,Critical,Critical
202,2,1,4.595660225535946e-05,0.6502815751299132,0.3496724682678313,0.6502815751299132,False,Critical,At Risk
203,0,0,0.9999053081851293,9.234341546929122e-05,2.3483994014090353e-06,0.9999053081851293,True,Healthy,Healthy
204,1,1,0.0012704609899323604,0.9591658910088681,0.03956364800119961,0.9591658910088681,True,At Risk,At Risk
205,1,1,3.098817676566469e-05,0.9936996227409831,0.006269389082251307,0.9936996227409831,True,At Risk,At Risk
206,1,0,0.6009330200249373,0.3983488579125158,0.0007181220625469398,0.6009330200249373,False,At Risk,Healthy
207,0,0,0.9999970050856166,2.850750940949745e-06,1.4416344247210528e-07,0.9999970050856166,True,Healthy,Healthy
208,1,1,0.023992636401578747,0.9758942270115941,0.0001131365868272923,0.9758942270115941,True,At Risk,At Risk
209,1,1,0.0032090907243734743,0.9967346580220853,5.625125354120518e-05,0.9967346580220853,True,At Risk,At Risk
210,0,0,0.9999979140288965,2.067422540794048e-06,1.8548562571722697e-08,0.9999979140288965,True,Healthy,Healthy
211,2,2,1.1813055971521551e-05,0.0004555310245908055,0.9995326559194377,0.9995326559194377,True,Critical,Critical
212,0,0,0.9999688556042492,2.915577439804874e-05,1.9886213527615655e-06,0.9999688556042492,True,Healthy,Healthy
213,1,1,0.00021965728098068994,0.9688401767975723,0.030940165921447053,0.9688401767975723,True,At Risk,At Risk
214,0,0,0.9962612822726636,0.0036836582365773014,5.5059490759069676e-05,0.9962612822726636,True,Healthy,Healthy
215,0,0,0.9998743013814918,0.00011864902718684263,7.049591321466513e-06,0.9998743013814918,True,Healthy,Healthy
216,2,2,0.00023924837649740138,0.0012213731732732271,0.9985393784502294,0.9985393784502294,True,Critical,Critical
217,2,2,1.969017622601457e-06,4.344231237561575e-05,0.9999545886700019,0.9999545886700019,True,Critical,Critical
218,2,2,6.787706687771877e-08,1.2565484145182665e-06,0.9999986755745187,0.9999986755745187,True,Critical,Critical
219,0,0,0.9999996949470877,2.9354462207843616e-07,1.1508290114216026e-08,0.9999996949470877,True,Healthy,Healthy
220,2,2,1.5098946274880863e-05,0.0004314291560207926,0.9995534718977043,0.9995534718977043,True,Critical,Critical
221,0,0,0.9965512902697641,0.0033979414519109833,5.076827832498907e-05,0.9965512902697641,True,Healthy,Healthy
222,2,2,2.717142206879792e-05,0.08508195520658056,0.9148908733713507,0.9148908733713507,True,Critical,Critical
223,2,2,8.463836782982572e-05,0.165735514972852,0.8341798466593181,0.8341798466593181,True,Critical,Critical
224,1,1,0.0075790577936873296,0.9923745509969125,4.63912094001107e-05,0.9923745509969125,True,At Risk,At Risk
225,0,1,0.13534527866598886,0.8646507819487247,3.9393852864732146e-06,0.8646507819487247,False,Healthy,At Risk
226,0,0,0.99997086684064,2.610604270107183e-05,3.027116658999485e-06,0.99997086684064,True,Healthy,Healthy
227,2,2,2.3428668923209695e-08,8.434036801230546e-07,0.999999133167651,0.999999133167651,True,Critical,Critical
228,0,0,0.9999988851188326,1.088383474724838e-06,2.6497692677863432e-08,0.9999988851188326,True,Healthy,Healthy
229,0,0,0.9999916189697886,8.358432957796866e-06,2.2597253686430992e-08,0.9999916189697886,True,Healthy,Healthy
230,1,1,0.00016933220119568819,0.9994313478502747,0.00039931994852957886,0.9994313478502747,True,At Risk,At Risk
231,1,1,0.002456314495357877,0.8862638868041529,0.11127979870048915,0.8862638868041529,True,At Risk,At Risk
232,1,1,0.3511660602649865,0.6487001141941969,0.00013382554081661592,0.6487001141941969,True,At Risk,At Risk
233,1,1,0.06296722451625317,0.9368567108333796,0.00017606465036712832,0.9368567108333796,True,At Risk,At Risk
234,1,1,0.012209058096132671,0.9861765123316248,0.0016144295722425245,0.9861765123316248,True,At Risk,At Risk
235,0,0,0.9963247461074395,0.0036375832110262327,3.7670681534197876e-05,0.9963247461074395,True,Healthy,Healthy
236,0,0,0.9937687588485816,0.006226868246051734,4.372905366524302e-06,0.9937687588485816,True,Healthy,Healthy
237,0,0,0.9999973606411545,2.56682446215315e-06,7.253438330064386e-08,0.9999973606411545,True,Healthy,Healthy
238,1,1,0.0019015706245018521,0.9968108075766359,0.0012876217988623067,0.9968108075766359,True,At Risk,At Risk
239,2,2,1.2347195444805431e-05,0.02329247301255032,0.9766951797920049,0.9766951797920049,True,Critical,Critical
240,1,1,5.898805489171954e-05,0.9965400848773281,0.003400927067780039,0.9965400848773281,True,At Risk,At Risk
241,2,2,6.346040112505512e-06,0.0005235598455578424,0.9994700941143296,0.9994700941143296,True,Critical,Critical
242,1,1,0.0027896070887774706,0.9971371039484395,7.328896278296691e-05,0.9971371039484395,True,At Risk,At Risk
243,2,2,3.0218937257893375e-05,0.005507913138146744,0.9944618679245953,0.9944618679245953,True,Critical,Critical
244,1,1,0.06220013713225315,0.9364202263595816,0.0013796365081654432,0.9364202263595816,True,At Risk,At Risk
245,2,2,6.406547802425465e-05,0.04375360939377435,0.9561823251282013,0.9561823251282013,True,Critical,Critical
246,0,0,0.9999043655527898,9.384381389710645e-05,1.7906333130851676e-06,0.9999043655527898,True,Healthy,Healthy
247,0,0,0.9813909620427503,0.018585082884379805,2.395507286984595e-05,0.9813909620427503,True,Healthy,Healthy
248,0,0,0.6334961734895528,0.36518406670700704,0.0013197598034401271,0.6334961734895528,True,Healthy,Healthy
249,2,2,3.084987657414566e-06,0.00017187140628772743,0.9998250436060548,0.9998250436060548,True,Critical,Critical
250,0,0,0.5242222136495777,0.47571591175579836,6.187459462407423e-05,0.5242222136495777,True,Healthy,Healthy
251,0,0,0.9999786301284401,2.04215457616542e-05,9.483257980489895e-07,0.9999786301284401,True,Healthy,Healthy
252,2,2,1.1664662991086727e-05,0.0005216691794666307,0.9994666661575422,0.9994666661575422,True,Critical,Critical
253,0,0,0.8285478463674597,0.17137217776543615,7.997586710425077e-05,0.8285478463674597,True,Healthy,Healthy
254,1,1,0.0007523576632830111,0.9987320326088961,0.0005156097278209176,0.9987320326088961,True,At Risk,At Risk
255,1,1,0.0012392040241353125,0.9954816976722973,0.0032790983035674804,0.9954816976722973,True,At Risk,At Risk
256,1,1,0.0021189623707975223,0.9978627196988955,1.8317930306800726e-05,0.9978627196988955,True,At Risk,At Risk
257,0,0,0.9999984534167737,1.5244756842916862e-06,2.210754195834709e-08,0.9999984534167737,True,Healthy,Healthy
258,0,0,0.999623811448017,0.0003749967762754164,1.1917757076836164e-06,0.999623811448017,True,Healthy,Healthy
259,2,2,1.4116710843802228e-06,0.0021823752230348934,0.9978162131058808,0.9978162131058808,True,Critical,Critical
260,2,2,2.5598838887290257e-08,7.527788499171108e-07,0.9999992216223111,0.9999992216223111,True,Critical,Critical
261,1,1,0.00011336560072007848,0.9997408986709603,0.0001457357283197076,0.9997408986709603,True,At Risk,At Risk
262,2,2,2.0614743753441323e-08,8.702137532227226e-07,0.999999109171503,0.999999109171503,True,Critical,Critical
263,2,2,1.7084329386726947e-05,0.0002528470808692704,0.999730068589744,0.999730068589744,True,Critical,Critical
264,1,1,5.9968133420808316e-05,0.9989407242684207,0.0009993075981585514,0.9989407242684207,True,At Risk,At Risk
265,1,1,0.313291778104354,0.6863345486239707,0.0003736732716752491,0.6863345486239707,True,At Risk,At Risk
266,0,0,0.9999967248344781,3.253245141902276e-06,2.1920380039449344e-08,0.9999967248344781,True,Healthy,Healthy
267,2,2,2.9535915739568104e-07,1.3003761495691715e-05,0.9999867008793468,0.9999867008793468,True,Critical,Critical
268,0,0,0.999999503195797,4.878866495420663e-07,8.91755331175266e-09,0.999999503195797,True,Healthy,Healthy
269,1,1,0.011923895828537805,0.9880633441527962,1.2760018666132994e-05,0.9880633441527962,True,At Risk,At Risk
270,1,1,0.0010797760225379615,0.9988046882528507,0.00011553572461136651,0.9988046882528507,True,At Risk,At Risk
271,1,1,0.4006329474149846,0.5980642435028707,0.0013028090821447,0.5980642435028707,True,At Risk,At Risk
272,2,2,3.734465526815225e-05,0.1416677004576233,0.8582949548871085,0.8582949548871085,True,Critical,Critical
273,2,2,3.163598842387362e-07,8.288336663916838e-06,0.9999913953034518,0.9999913953034518,True,Critical,Critical
274,1,2,0.0013279335761814033,0.4011758043558721,0.5974962620679465,0.5974962620679465,False,At Risk,Critical
275,1,1,0.0012299695720699323,0.8535557171413579,0.14521431328657206,0.8535557171413579,True,At Risk,At Risk
276,1,1,0.006917782680825106,0.9923502587921035,0.000731958527071305,0.9923502587921035,True,At Risk,At Risk
277,2,2,0.00015635100730355614,0.005736257083311027,0.9941073919093854,0.9941073919093854,True,Critical,Critical
278,1,1,0.0010886137514917599,0.9986355378400684,0.00027584840843994406,0.9986355378400684,True,At Risk,At Risk
279,0,0,0.565563920177931,0.4338172337618558,0.0006188460602132818,0.565563920177931,True,Healthy,Healthy
280,2,1,0.00023982503960531817,0.744774663072689,0.25498551188770563,0.744774663072689,False,Critical,At Risk
281,2,2,0.0016699657709052646,0.005607882925119037,0.9927221513039757,0.9927221513039757,True,Critical,Critical
282,2,2,6.764498806141723e-06,0.0003455669991867692,0.9996476685020071,0.9996476685020071,True,Critical,Critical
283,2,2,0.0004514767987028187,0.10577800659155319,0.893770516609744,0.893770516609744,True,Critical,Critical
284,1,1,0.0003554007553144965,0.9993293859623903,0.00031521328229513015,0.9993293859623903,True,At Risk,At Risk
285,2,2,6.276621374518505e-05,0.002029979174192048,0.9979072546120628,0.9979072546120628,True,Critical,Critical
286,0,0,0.9963782158576076,0.0035994202168107676,2.2363925581800202e-05,0.9963782158576076,True,Healthy,Healthy
287,0,0,0.99999923619578,7.510113125378743e-07,1.279290748355835e-08,0.99999923619578,True,Healthy,Healthy
288,2,2,7.556955883570733e-07,0.00016505526786688763,0.9998341890365446,0.9998341890365446,True,Critical,Critical
289,2,2,2.8354870611883625e-06,4.484038768702208e-05,0.9999523241252518,0.9999523241252518,True,Critical,Critical
290,0,0,0.9995444137106324,0.00044861631300803837,6.969976359561016e-06,0.9995444137106324,True,Healthy,Healthy
291,1,1,6.444391028505975e-05,0.9998997434268106,3.5812662904246675e-05,0.9998997434268106,True,At Risk,At Risk
292,2,2,1.459276733529591e-06,5.1972357368781746e-05,0.9999465683658976,0.9999465683658976,True,Critical,Critical
293,0,0,0.7896505166985692,0.21013369782964278,0.00021578547178798994,0.7896505166985692,True,Healthy,Healthy
294,1,1,0.010447628368327983,0.9895144989495123,3.7872682159803504e-05,0.9895144989495123,True,At Risk,At Risk
295,1,1,0.0004744584751587362,0.9992477847831833,0.00027775674165794175,0.9992477847831833,True,At Risk,At Risk
296,2,2,8.880174691359647e-08,2.0845259241370623e-06,0.9999978266723288,0.9999978266723288,True,Critical,Critical
297,2,2,0.0009778195736230954,0.29762333646530176,0.7013988439610751,0.7013988439610751,True,Critical,Critical
298,0,1,0.26128344437351625,0.7386333791925365,8.317643394740987e-05,0.7386333791925365,False,Healthy,At Risk
299,0,0,0.9999993276695269,6.356843146286451e-07,3.664615860114011e-08,0.9999993276695269,True,Healthy,Healthy
300,1,1,7.784175183476804e-05,0.5329832667510837,0.4669388914970817,0.5329832667510837,True,At Risk,At Risk
301,1,1,8.040758981157911e-05,0.9613695936987207,0.038549998711467665,0.9613695936987207,True,At Risk,At Risk
302,1,1,0.006755782927087105,0.9929646010856017,0.000279615987311205,0.9929646010856017,True,At Risk,At Risk
303,2,2,4.016365449697941e-08,8.663353223957314e-06,0.9999912964831215,0.9999912964831215,True,Critical,Critical
304,0,0,0.9987280738821463,0.0011955707613938052,7.635535645988683e-05,0.9987280738821463,True,Healthy,Healthy
305,1,1,4.158018485241067e-05,0.9993277582395358,0.0006306615756119924,0.9993277582395358,True,At Risk,At Risk
306,2,2,9.303650485309222e-07,1.7237265205215618e-05,0.9999818323697461,0.9999818323697461,True,Critical,Critical
307,0,0,0.9999915973738954,8.181701903487742e-06,2.2092420099530015e-07,0.9999915973738954,True,Healthy,Healthy
308,1,1,0.28265969412838643,0.7171138143670093,0.0002264915046042855,0.7171138143670093,True,At Risk,At Risk
309,1,1,4.394439050273695e-05,0.9999145982604101,4.145734908715064e-05,0.9999145982604101,True,At Risk,At Risk
310,0,0,0.9941631711557539,0.005830433643592556,6.395200653325308e-06,0.9941631711557539,True,Healthy,Healthy
311,1,1,4.532004283267529e-05,0.9459506397551679,0.05400404020199957,0.9459506397551679,True,At Risk,At Risk
312,1,1,8.206386463924286e-05,0.997478097647871,0.0024398384874898343,0.997478097647871,True,At Risk,At Risk
313,2,2,2.5744532900416675e-06,0.0016456940807965505,0.9983517314659134,0.9983517314659134,True,Critical,Critical
314,1,1,0.07861374815884317,0.9206165031749762,0.0007697486661807487,0.9206165031749762,True,At Risk,At Risk
315,2,2,3.7891559973253226e-05,0.00014045248041192539,0.9998216559596148,0.9998216559596148,True,Critical,Critical
316,1,1,0.00038138710244341124,0.777030268921571,0.2225883439759855,0.777030268921571,True,At Risk,At Risk
317,2,2,3.3193237247730804e-06,4.5775332931327006e-05,0.999950905343344,0.999950905343344,True,Critical,Critical
318,1,1,0.0002583561291960431,0.999552975771602,0.0001886680992019926,0.999552975771602,True,At Risk,At Risk
319,2,2,0.00011139636988045274,0.07292718623356348,0.9269614173965561,0.9269614173965561,True,Critical,Critical
320,0,0,0.9999955781252581,4.214297494739901e-06,2.0757724722415033e-07,0.9999955781252581,True,Healthy,Healthy
321,2,2,8.67240915789909e-06,0.00015143312239541544,0.9998398944684468,0.9998398944684468,True,Critical,Critical
322,0,0,0.9999987717950293,1.200985567193985e-06,2.7219403389847132e-08,0.9999987717950293,True,Healthy,Healthy
323,1,1,0.29297814875768297,0.706637888574591,0.00038396266772610223,0.706637888574591,True,At Risk,At Risk
324,2,2,3.950240771753286e-07,1.3635493531624952e-05,0.9999859694823913,0.9999859694823913,True,Critical,Critical
325,1,1,0.0003398027882300846,0.9993198786161832,0.00034031859558681033,0.9993198786161832,True,At Risk,At Risk
326,1,1,0.0005422708669011231,0.8838378405118208,0.11561988862127812,0.8838378405118208,True,At Risk,At Risk
327,1,1,0.009579199221066837,0.9902942738915278,0.0001265268874054168,0.9902942738915278,True,At Risk,At Risk
328,2,2,1.09919396090726e-06,1.6427254120987877e-05,0.9999824735519182,0.9999824735519182,True,Critical,Critical
329,1,1,0.00018489126871794995,0.9977657720599996,0.002049336671282347,0.9977657720599996,True,At Risk,At Risk
330,2,2,4.344534748251148e-07,1.1110247385346183e-05,0.9999884552991398,0.9999884552991398,True,Critical,Critical
331,1,1,0.44063187808783394,0.5592833625194205,8.475939274558256e-05,0.5592833625194205,True,At Risk,At Risk
332,2,2,1.0868439728455247e-05,0.0003434924059323853,0.9996456391543391,0.9996456391543391,True,Critical,Critical
333,0,0,0.9991457124424964,0.0008466849096608915,7.6026478425579274e-06,0.9991457124424964,True,Healthy,Healthy
334,1,1,0.011245995337917947,0.98846077167946,0.00029323298262221253,0.98846077167946,True,At Risk,At Risk
335,0,0,0.9886234198359107,0.011299401072615442,7.717909147378871e-05,0.9886234198359107,True,Healthy,Healthy
336,0,0,0.9998880873866849,0.00010938100859194816,2.5316047232886755e-06,0.9998880873866849,True,Healthy,Healthy
337,0,0,0.9999910485119363,8.907236519587723e-06,4.4251544115682325e-08,0.9999910485119363,True,Healthy,Healthy
338,2,2,2.502779940417051e-05,0.00017543346942184936,0.9997995387311741,0.9997995387311741,True,Critical,Critical
339,2,2,8.915434150726614e-05,0.0007350549529185399,0.9991757907055742,0.9991757907055742,True,Critical,Critical
340,2,2,0.0011402067528322123,0.23026693649425964,0.7685928567529082,0.7685928567529082,True,Critical,Critical
341,0,0,0.9385035695835071,0.06137684577418667,0.0001195846423062846,0.9385035695835071,True,Healthy,Healthy
342,2,2,4.2795377208919166e-08,1.3732169504592567e-06,0.9999985839876724,0.9999985839876724,True,Critical,Critical
343,0,0,0.9997495472796398,0.00024522700210051696,5.225718259677127e-06,0.9997495472796398,True,Healthy,Healthy
344,1,1,0.14507901242553062,0.8446727721088,0.010248215465669471,0.8446727721088,True,At Risk,At Risk
345,0,0,0.8823144181260082,0.11675942562490851,0.0009261562490832956,0.8823144181260082,True,Healthy,Healthy
346,0,0,0.9999833716554573,1.6431476619663562e-05,1.968679230434958e-07,0.9999833716554573,True,Healthy,Healthy
347,2,2,2.4795120791709076e-05,0.000620741375029799,0.9993544635041784,0.9993544635041784,True,Critical,Critical
348,1,1,4.6117155968673434e-05,0.7832056164186413,0.21674826642538997,0.7832056164186413,True,At Risk,At Risk
349,1,1,0.0018374393042607786,0.9972105848932423,0.0009519758024967742,0.9972105848932423,True,At Risk,At Risk
350,2,2,7.901949922510612e-06,0.000556815528837915,0.9994352825212396,0.9994352825212396,True,Critical,Critical
351,1,1,0.00020546899584431287,0.9980482242906116,0.0017463067135439797,0.9980482242906116,True,At Risk,At Risk
352,0,0,0.9999988458986478,1.1347060383040965e-06,1.9395313789416945e-08,0.9999988458986478,True,Healthy,Healthy
353,1,1,3.4119184496980434e-05,0.9998714620689736,9.441874652932308e-05,0.9998714620689736,True,At Risk,At Risk
354,1,1,0.000357837358704405,0.9994661687528846,0.000175993888410851,0.9994661687528846,True,At Risk,At Risk
355,0,0,0.9980511853054505,0.001929432009559787,1.938268498966635e-05,0.9980511853054505,True,Healthy,Healthy
356,1,1,0.03146304267332762,0.9679307084904902,0.000606248836182201,0.9679307084904902,True,At Risk,At Risk
357,0,0,0.9999865704654425,1.2708472236761381e-05,7.210623208401596e-07,0.9999865704654425,True,Healthy,Healthy
358,2,2,3.373159130351666e-06,0.0001488239755799632,0.9998478028652896,0.9998478028652896,True,Critical,Critical
